%YAML:1.0
---
camera_matrix: !!opencv-matrix
   rows: 3
   cols: 3
   dt: d
   data: [ 1.0007904829413143e+03, 0., 6.1202777981932877e+02, 0.,
       1.0045284786632301e+03, 3.5126137165830960e+02, 0., 0., 1. ]
dist_coeff: !!opencv-matrix
   rows: 1
   cols: 5
   dt: d
   data: [ 1.5514196025605920e-01, -5.0222707918011789e-01,
       -5.2695287673209363e-04, 1.2381655859887686e-03,
       4.9252437074378969e-01 ]
