%YAML:1.0
---
camera_matrix: !!opencv-matrix
   rows: 3
   cols: 3
   dt: d
   data: [ 1.0007905321208643e+03, 0., 6.1203050181391779e+02, 0.,
       1.0045287312221159e+03, 3.5126259970971523e+02, 0., 0., 1. ]
dist_coeff: !!opencv-matrix
   rows: 1
   cols: 5
   dt: d
   data: [ 1.5514321461255925e-01, -5.0222799009399399e-01,
       -5.2725012320023489e-04, 1.2389473467812034e-03,
       4.9252664554595094e-01 ]
