%YAML:1.0
---
camera_matrix: !!opencv-matrix
   rows: 3
   cols: 3
   dt: d
   data: [ 1.0007904827472065e+03, 0., 6.1202777949575704e+02, 0.,
       1.0045284784569744e+03, 3.5126137190496451e+02, 0., 0., 1. ]
dist_coeff: !!opencv-matrix
   rows: 1
   cols: 5
   dt: d
   data: [ 1.5514195950388285e-01, -5.0222707458452776e-01,
       -5.2695279914493265e-04, 1.2381654946014074e-03,
       4.9252436173289948e-01 ]
